1489547026803019776
1405154574177116163
1483840596582223876
1479403797902512138
1456025954158059520
1455611947781591046
1501934662783946753
1496815435857244161
1409426594452627457
1482044046868627457
1515065074276130818
1467948067366264832
1424844550263218180
1498749907007680521
1490987758189707271
1414576964690665472
1403403102196318211
1511712215342190592
1511711023652352001
1506284486031458305
1458842563360743427
1511645000232284164
1476544857418129411
1466789949357891592
1511946923665674243
1415672499166191616
1448272987355074564
